5903607923
7069274296
1490444757
6922884735
6355601354
6922884735
5903607923
5903607923
5903607923
6355601354
1490444757
7069274296
5903607923
1490444757
6922884735
-1002265228255
5274886289
6921669928
6495366932
7898141692
7280215701
7694085401
5581804593
-1002483331353
8180816837
7485820863
6510102381
7104509845
7750660940
6029753077
6755426755
6503042194
6188617492
7507173935
6120727374
8004931028
6885880442
5507560276
5110123277
1042941175
6237789849
1276535073
5197673717
5673931726
6915266439
7069274296
6070403119
5005215656
6489394081
7252569401
7749807563
6355601354
901746855
7442784385
7248259930
